c1, 1695
PlayingKinect:  16.63716814159292%, 282
WatchingTV: 16.57817109144543%, 281
Studying:   16.57817109144543%, 281
UsingNoteBook:   16.8141592920354%, 285
UsingPC:   16.755162241887906%, 284
Sleeping:   16.63716814159292%, 282
Reading:   0.0%, 0


