c1, 54083
PlayingKinect:  11.389900708170774%, 6160
WatchingTV: 16.639239687147533%, 8999
Studying:   15.596398128802027%, 8435
UsingNoteBook:   17.66728916665126%, 9555
UsingPC:   13.405321450363331%, 7250
Sleeping:   13.318417987167871%, 7203
Reading:   11.983432871697206%, 6481


