0.1674398632601809,0.1659312314346263,0.16986581241409288,0.16683610845929794,0.16447847364890897,0.16544851078289285,WatchTV	
0.16617665902680248,0.1671673740340736,0.16442609877573205,0.16733119597560128,0.16965166550356434,0.16524700668422618,WatchTV	
0.16618094603921763,0.16720186035034285,0.16445580098392948,0.1673461365077742,0.16964399984547396,0.1651712562732619,WatchTV	
0.1661817725721578,0.16719306472351586,0.16444132266796713,0.1673445334588858,0.1696678926697457,0.16517141390772766,WatchTV	
0.16617005661157208,0.16718911473128437,0.16443391621526193,0.16734435289517582,0.16966790106264826,0.1651946584840576,WatchTV	
0.16617223958329846,0.16720696590466322,0.16444946050962306,0.16735018412919453,0.1696543460827614,0.1651668037904593,WatchTV	
0.16619273803150916,0.16716416823833194,0.16444011047349064,0.1673316372671289,0.16965913329800966,0.16521221269152966,WatchTV	
0.16617634847679574,0.16716292765060126,0.16442978083661605,0.1673360328861803,0.16967508813723148,0.1652198220125753,WatchTV	
0.16620805046273335,0.16712232593403745,0.16443802666639296,0.16731220934823407,0.16963451787436265,0.1652848697142397,WatchTV	
0.16617189055194184,0.16697718799634098,0.16431228536625891,0.16724573445010554,0.16961330829167529,0.1656795933436775,WatchTV	
0.1661770879400494,0.1670463789047997,0.1643954623122875,0.16730143952594176,0.16971275749675238,0.16536687382016932,WatchTV	
0.16614059395892175,0.16713244557859785,0.16444013023547613,0.16733046560245432,0.16963450492477433,0.16532185969977567,WatchTV	
0.16615103703883785,0.16713008853644823,0.16444388664782378,0.1673303452787869,0.16964536810182868,0.1652992743962746,WatchTV	
0.16614836376682607,0.16711669579274926,0.1644289022038484,0.16732321540466355,0.16964311769835402,0.16533970513355878,WatchTV	
0.16620931762439672,0.1670571117679549,0.16446339728722006,0.16729622574364583,0.16961600713728928,0.16535794043949323,WatchTV	
0.16611873891928014,0.1671024396294012,0.16430136814801127,0.1673150955889307,0.16974848475465165,0.1654138729597251,WatchTV	
0.16629156931844125,0.16701414718575852,0.16439547099921642,0.16723349555872302,0.1695635889257804,0.16550172801208027,WatchTV	
0.16616550910490846,0.16703287813510836,0.16433816044673116,0.1672917918650425,0.16974139162750204,0.16543026882070744,WatchTV	
0.1673684599376943,0.16602454425564306,0.16521238768334212,0.16672294260047915,0.16888448276896034,0.16578718275388096,WatchTV	
0.16611949810892498,0.16676669108290268,0.16489863951781128,0.16721054804000293,0.16894323921198748,0.16606138403837054,WatchTV	
0.16611724045226214,0.16667544007964777,0.16477465735688523,0.1671991471876346,0.16919336884837136,0.16604014607519874,WatchTV	
0.16607225351104235,0.1666907365138492,0.16457729057680706,0.16720642676016964,0.16939801552883796,0.1660552771092939,WatchTV	
0.1660523698699573,0.1667775433870793,0.16463968877492433,0.1672385044526822,0.16933687620126792,0.16595501731408885,WatchTV	
0.1660382188710251,0.16671709035081775,0.1645705124464482,0.16721852900553888,0.16939946960857566,0.16605617971759432,WatchTV	
0.16604300654841453,0.16671954784470075,0.16457922230215324,0.16721925945841978,0.16939271797516853,0.16604624587114322,WatchTV	
0.1660470047914821,0.16675335288914503,0.16460466630407763,0.16722917015912342,0.16936509397027577,0.16600071188589613,WatchTV	
0.16604637595885455,0.16677295872676245,0.16460280531721694,0.16723605821909407,0.16937216423952958,0.16596963753854246,WatchTV	
0.1660466677849361,0.16675656794988322,0.16459366640523632,0.16722944546321164,0.1693740843603066,0.1659995680364262,WatchTV	
0.16603223609248832,0.1667408402820132,0.16455475675940368,0.16722447038243626,0.1694054702758657,0.16604222620779294,WatchTV	
0.1660462514592512,0.16673370389200984,0.16457406496353705,0.16722379376442195,0.1694059726593776,0.16601621326140245,WatchTV	
0.16604269936046478,0.16675600588369205,0.1645962181836724,0.16723118576407148,0.16937755019867734,0.165996340609422,WatchTV	
0.166047069999426,0.16677181812271796,0.16461483979689476,0.16723662197476338,0.16936392028259348,0.1659657298236045,WatchTV	
0.1660466370975573,0.16676793550514166,0.16459247655254364,0.16723372253963187,0.16938203706907956,0.16597719123604596,WatchTV	
0.16603936732076569,0.16677544063657024,0.16459565196502243,0.16723717370198024,0.16937546775405765,0.16597689862160384,WatchTV	
0.16604451355421684,0.16673866156988384,0.16458072086302766,0.16722545825190827,0.16939696774113128,0.16601367801983205,WatchTV	
0.1660576522414629,0.16678266645184156,0.16460435367329887,0.16724000843483677,0.1693890038676485,0.1659263153309114,WatchTV	
0.16604944209744127,0.16677226974156803,0.1645976938061313,0.1672362653923365,0.16938448541478396,0.16595984354773902,WatchTV	
0.16604258065619512,0.16676780351393344,0.1645917562940127,0.1672354834033057,0.1693863020583931,0.16597607407415982,WatchTV	
0.1660534453482357,0.16676769615806852,0.16459874274582842,0.16723561733363237,0.16939120096023713,0.165953297453998,WatchTV	
0.16604197118646702,0.16675860515580787,0.16459086863319522,0.16723305091178925,0.16938615667879703,0.1659893474339436,WatchTV	
0.1660398680084819,0.16676672656926314,0.16459353590845624,0.1672361086402444,0.16938446797955786,0.1659792928939965,WatchTV	
0.1660445963896021,0.16675462986444617,0.16459634508014429,0.1672313477880796,0.16938013377098737,0.1659929471067404,WatchTV	
0.1660436953895559,0.16677552624742817,0.16460853561359676,0.16723858212605627,0.16936875715578853,0.16596490346757425,WatchTV	
0.16603850222557076,0.16676125580211207,0.16460022871867602,0.16723394143433987,0.16937169950937678,0.1659943723099244,WatchTV	
0.1660397944378106,0.16674085851690493,0.1645840909112323,0.16722650409590986,0.16938703367773003,0.16602171836041224,WatchTV	
0.16604347802100705,0.16676065689932554,0.16460830606848675,0.1672332407353615,0.16936488065493083,0.16598943762088836,WatchTV	
0.16603831565844104,0.16675489073402217,0.16459287547063106,0.16723197120082828,0.1693816393250948,0.16600030761098264,WatchTV	
0.1660339148954067,0.1667475422024929,0.16457669985562562,0.16723009545359915,0.16939913106861124,0.16601261652426424,WatchTV	
0.16604006074564684,0.16675819602992212,0.1645934116870085,0.1672324842710674,0.16938019018267428,0.16599565708368103,WatchTV	
0.1660433334753679,0.16677699233447632,0.16460676207841937,0.16723890548675913,0.16937148417011458,0.16596252245486265,WatchTV	
0.1660454718605784,0.16678397540563805,0.16461253969408648,0.16724105619408816,0.1693673870141817,0.16594956983142714,WatchTV	
0.16605168645144408,0.16673755702196702,0.16459221193499057,0.16722359125226954,0.1693800817091859,0.16601487163014284,WatchTV	
0.166046721480439,0.16677778091584938,0.16460756579866204,0.16723843466470603,0.16936918696880243,0.16596031017154114,WatchTV	
0.1660384957424373,0.16676498579426483,0.16459895171227243,0.16723667449230095,0.16938101445502274,0.16597987780370174,WatchTV	
0.16603658836717586,0.16676544574255928,0.16460051394136332,0.1672361070785178,0.1693718678766871,0.16598947699369657,WatchTV	
0.1660350641906917,0.16674750838928953,0.16458814978623398,0.16722889508447564,0.16937485519857878,0.16602552735073034,WatchTV	
0.16603768663828095,0.16677500894919436,0.1646049113892513,0.1672394762159549,0.1693700204297605,0.16597289637755802,WatchTV	
0.16604417589481424,0.16678411545770608,0.1646035540427428,0.1672427002428549,0.16938171389603174,0.16594374046585028,WatchTV	
0.1660381702024743,0.16675282267592653,0.16460841739556345,0.1672337484810007,0.16937040886283725,0.1659964323821977,WatchTV	
0.16602854405171974,0.1667600128215079,0.16460317158658294,0.16723491694965398,0.16935989385341066,0.1660134607371247,WatchTV	
0.16603415843185143,0.16677939523641233,0.16461443594893518,0.1672408346139526,0.16935347140667012,0.1659777043621783,WatchTV	
0.16604072613042964,0.16674839864676536,0.16459893208618442,0.16723127436875138,0.16937755158586554,0.16600311718200358,WatchTV	
0.16604708013856528,0.16679329330569367,0.16462743916177908,0.16724571939313088,0.169354729621632,0.16593173837919917,WatchTV	
0.16605147638592374,0.16676419283959798,0.16461543390310623,0.16723452056567276,0.16936214683293663,0.1659722294727627,WatchTV	
0.1660716807066227,0.16665303591022682,0.1645373979187351,0.16717936084676804,0.1693590766995215,0.16619944791812596,WatchTV	
0.1660109587954326,0.1666105586388076,0.1643517979260328,0.1671616722886888,0.16949578719337283,0.16636922515766533,WatchTV	
0.1660449610753376,0.16680768361367845,0.16438389818364976,0.1672373575871108,0.1695930700406308,0.16593302949959263,WatchTV	
0.16603935336257267,0.1667756908704492,0.1643330058834506,0.16722599025504598,0.16964472561419786,0.1659812340142838,WatchTV	
0.1660578920775065,0.16683057684470684,0.16443763786471757,0.16724298430558215,0.16953396885199776,0.16589694005548902,WatchTV	
0.16602160622656714,0.1667681055579399,0.16430056093052212,0.16722221728212908,0.1696521197265315,0.1660353902763102,WatchTV	
0.16605196687949664,0.16680577723040735,0.16432964733614955,0.16723425714131243,0.16965691183635362,0.16592143957628047,WatchTV	
0.16603860183301133,0.16682040422258854,0.16434137303594776,0.16723883702565198,0.16962637121334534,0.1659344126694549,WatchTV	
0.16605005252777305,0.16683312779142923,0.16435244869583868,0.16724589365888948,0.1696446627484033,0.16587381457766615,WatchTV	
0.16604692466383536,0.16685481897752916,0.16436990183957703,0.1672530410866113,0.16962438845775835,0.16585092497468876,WatchTV	
0.16605078249227226,0.1668460673047278,0.1643822219029633,0.1672506476054261,0.16961353803220044,0.16585674266241007,WatchTV	
0.16604717027103105,0.16684344145286134,0.16437149018271802,0.16725017789156982,0.16962436758215524,0.1658633526196647,WatchTV	
0.16604903055542475,0.16684806769360436,0.16436396108091694,0.16725073779682229,0.169631262570124,0.16585694030310755,WatchTV	
0.1660441961271172,0.16683279510650595,0.16436224792531073,0.16724668349201416,0.16963109147342859,0.16588298587562336,WatchTV	
0.1660410972509338,0.16684656764240471,0.1643751980506713,0.16725099734935864,0.1696133305405473,0.16587280916608424,WatchTV	
0.16604257050376306,0.16685030499539252,0.1643723173460252,0.16725243689299604,0.16961939566488723,0.16586297459693586,WatchTV	
0.16605101415213386,0.1668342719932235,0.16436797283395596,0.16724689842820423,0.16963092041245667,0.1658689221800258,WatchTV	
0.16605286712632178,0.16684842177278567,0.16438507878078648,0.16725162274881886,0.16961434045410267,0.16584766911718446,WatchTV	
0.1660479911631879,0.1668397206686172,0.16437457364298383,0.16724938662041264,0.1696247985707108,0.1658635293340876,WatchTV	
0.1660406232687499,0.16684398646298168,0.16436526343589478,0.16724948925080876,0.16962108179909266,0.16587955578247218,WatchTV	
0.1660416611009436,0.16684877223174194,0.16438468024506603,0.16725169036815338,0.1696021329479507,0.16587106310614447,WatchTV	
0.16604385768406923,0.1668547261928268,0.16438601351547438,0.16725363586755804,0.16960413285829046,0.16585763388178107,WatchTV	
0.16604198022602237,0.16684242289490986,0.16436545676469025,0.16724971104876596,0.16962649230110668,0.16587393676450485,WatchTV	
0.16604462426659747,0.1668499188182348,0.1643719583114965,0.1672518341583265,0.16962159730783852,0.16586006713750628,WatchTV	
0.166047950220435,0.16684815045556234,0.16438126061811206,0.16725154164911937,0.16961442536849083,0.16585667168828036,WatchTV	
0.1660462824500037,0.16683809723837495,0.16436495280205138,0.16724890140804263,0.16963484368008058,0.16586692242144677,WatchTV	
0.16604465181132072,0.1668420110814647,0.16437822797816,0.1672500375778419,0.16961453068971857,0.16587054086149394,WatchTV	
0.1660414746177124,0.16683742934483242,0.1643709220136354,0.16724855456862422,0.16962045192228126,0.16588116753291424,WatchTV	
0.1660460633082473,0.16684418422107605,0.1643742355215086,0.1672503266727581,0.1696199617984762,0.16586522847793372,WatchTV	
0.16604488269172202,0.16684982423174852,0.16437365020590222,0.16725198593224103,0.16961987707918266,0.1658597798592035,WatchTV	
0.1660448076984014,0.16683672549044623,0.16437204698355148,0.16724793776336394,0.16962126368060773,0.16587721838362937,WatchTV	
0.16604360437607305,0.16684887670127962,0.164372203153052,0.1672509900344016,0.1696165512400332,0.1658677744951605,WatchTV	
0.16604508071988225,0.1668452395314397,0.16436925805766578,0.16724941998173168,0.16961978802236455,0.16587121368691615,WatchTV	
0.16605347410730517,0.16684880839223046,0.16438445813805275,0.1672518203456359,0.16961753523331838,0.1658439037834573,WatchTV	
0.16604492288414519,0.16684987105772697,0.1643672475018278,0.16725001072600368,0.16961904038495296,0.16586890744534344,WatchTV	
0.16605343591603258,0.1668554634630193,0.16437486143007435,0.1672528368293714,0.16962499220313385,0.16583841015836856,WatchTV	
0.16604566025949488,0.1668500619889961,0.1643724816673701,0.1672515970357386,0.16962138576773758,0.16585881328066285,WatchTV	
0.16604619410392646,0.16684614703845305,0.1643656739581202,0.1672503260489235,0.1696312945673806,0.16586036428319634,WatchTV	
0.16604677259239783,0.16684148924674455,0.16436314734018212,0.16724778797287473,0.16962684395593564,0.16587395889186518,WatchTV	
0.16604699944538628,0.166854833601764,0.16437797953215655,0.16725325556909618,0.16961719334027936,0.1658497385113175,WatchTV	
0.1660461424550813,0.16684975613585135,0.16437125205748349,0.16725145001847896,0.1696222064672825,0.16585919286582246,WatchTV	
0.16604364172687355,0.16685108596764275,0.16436832258058004,0.16725196006009738,0.16962350712518817,0.165861482539618,WatchTV	
0.16604906782710113,0.16685758874944845,0.16437828857175846,0.16725468277267944,0.1696215201979391,0.16583885188107347,WatchTV	
0.16605163224144878,0.16686064546645982,0.16438793604286028,0.16725524975648964,0.16961056545969153,0.16583397103305,WatchTV	
0.1660375885227043,0.16684807341705324,0.1643633074501971,0.1672509026055039,0.16962139917882427,0.16587872882571728,WatchTV	
0.1660522852441326,0.16686137699389295,0.16438175002716102,0.16725532373771745,0.1696179463609011,0.1658313176361949,WatchTV	
0.16604797147020653,0.16686158850461907,0.16438446077381372,0.16725608813793766,0.1696134840552544,0.16583640705816866,WatchTV	
0.16604810252103105,0.1668515424187173,0.16437239234268256,0.1672521264888252,0.1696240598858675,0.16585177634287643,WatchTV	
0.16604163328576635,0.16684966816260904,0.1643650736535046,0.16725153684292715,0.1696260314550462,0.16586605660014664,WatchTV	
0.16604653748812379,0.16685090931719385,0.16437048330514797,0.16725184015386596,0.16962404542855292,0.16585618430711543,WatchTV	
0.1660457934532016,0.16685159141355635,0.1643783442124333,0.16725271687498763,0.16961597462500502,0.16585557942081597,WatchTV	
0.1660471889749481,0.1668624423816686,0.164384372519183,0.16725654415197683,0.1696139462001036,0.1658355057721198,WatchTV	
0.166042795340857,0.1668596478008526,0.16437054152922947,0.16725499751790276,0.16962153650168596,0.16585048130947228,WatchTV	
0.1660446187183821,0.16685814133102353,0.16438027637960761,0.16725474909155416,0.16961259045007712,0.16584962402935544,WatchTV	
0.1660525330290179,0.166841327205332,0.16436940362374464,0.16724938624555005,0.1696344939227728,0.16585285597358265,WatchTV	
0.1660505815471262,0.16685310719764548,0.16437485851932224,0.16725265527434122,0.16962293583165436,0.16584586162991047,WatchTV	
0.1660466453401147,0.1668524471589059,0.1643714055978243,0.1672523682135434,0.1696229789892136,0.16585415470039813,WatchTV	
0.1660510417505046,0.1668538230109856,0.16438226228951033,0.1672530070118885,0.16961528420566507,0.1658445817314459,WatchTV	
0.1660484965581452,0.16686007235201714,0.16437974785660564,0.16725477919832776,0.16961568267207683,0.1658412213628275,WatchTV	
0.16604875517451206,0.1668584403046918,0.1643761845072348,0.1672543507416811,0.16962064343700536,0.16584162583487502,WatchTV	
0.16604626049709859,0.1668553201006778,0.16438217385680962,0.16725301269550052,0.16960716453415384,0.1658560683157596,WatchTV	
0.16605137394186517,0.1668537948064201,0.1643793208173577,0.1672529758975641,0.16961851262195776,0.16584402191483516,WatchTV	
0.1660496096980745,0.16685154663205798,0.164366217072034,0.1672516463331174,0.16963112160987603,0.16584985865484012,WatchTV	
0.1660476973189569,0.16685791188326263,0.1643785247407514,0.16725454121852462,0.16961729436894848,0.165844030469556,WatchTV	
0.16604934035085736,0.16685463129262115,0.1643829384736358,0.1672538188743882,0.1696151799640264,0.165844091044471,WatchTV	
0.16604811567374758,0.16684656224214542,0.16438508433510557,0.16725107784022175,0.16960918238911712,0.16585997751966264,WatchTV	
0.1660491448592724,0.16684648764869411,0.1643747166574697,0.1672504953041003,0.1696214296573024,0.16585772587316114,WatchTV	
0.16604705725199273,0.16685462921792976,0.16438594441245208,0.1672538605668589,0.16960947784673253,0.1658490307040339,WatchTV	
0.16604756806532187,0.1668494640011576,0.16438758264651188,0.167252317864978,0.16960773866679274,0.16585532875523798,WatchTV	
0.1660468026184949,0.16686250538817812,0.16437858960643434,0.16725562360287313,0.16961578912946632,0.1658406896545533,WatchTV	
0.16604836660021824,0.16685561701900084,0.16438351525693864,0.1672539715032292,0.16961340262356964,0.16584512699704343,WatchTV	
0.16604657256219715,0.16684421188053716,0.16437572951661278,0.16725007780469095,0.16961846454737028,0.16586494368859162,WatchTV	
0.16605019860019488,0.1668501222573472,0.16437634922765906,0.16725193590285653,0.16962239922374936,0.165848994788193,WatchTV	
0.1660439389316097,0.1668622699660353,0.1643913894634484,0.16725631608263533,0.16959957586832136,0.16584650968794978,WatchTV	
0.16604707308478917,0.16685638493599014,0.16438694890749828,0.16725467638238806,0.16960970691071336,0.16584520977862105,WatchTV	
0.16604113517310626,0.16684652668633354,0.16437244648130686,0.16725097879621614,0.1696163360837994,0.16587257677923772,WatchTV	
0.16605088293001555,0.16685377348031472,0.16438022174427344,0.16725318204928855,0.1696189416884652,0.16584299810764255,WatchTV	
0.16604793678173846,0.16685346762839995,0.1643871323182688,0.16725406275729593,0.16961058773955429,0.16584681277474245,WatchTV	
0.16605283301797738,0.16685661740684665,0.16438702873319042,0.1672545392448922,0.16961454688721397,0.16583443470987955,WatchTV	
0.16605176881167383,0.16685170241513217,0.1643820033730277,0.16725277383376289,0.1696180871952469,0.16584366437115647,WatchTV	
0.16604583690559344,0.16685322678148928,0.16438958990138972,0.167254268619033,0.16960711244851945,0.16584996534397503,WatchTV	
0.1660484903517633,0.1668525130317719,0.1643862208208861,0.1672537221657815,0.16961270275648843,0.16584635087330868,WatchTV	
0.16605091090503804,0.16686477304840946,0.16439061233732968,0.16725716027970425,0.16960891962971572,0.16582762379980281,WatchTV	
0.1660530816168451,0.16685417637134614,0.16438777472764723,0.1672535371011445,0.16961212008412802,0.16583931009888905,WatchTV	
0.16604822926870239,0.16685096114587775,0.16438447763866038,0.1672528683648057,0.16961221492401668,0.16585124865793702,WatchTV	
0.1660450538768893,0.1668392815275051,0.16436929110345988,0.1672485015049462,0.1696231653146206,0.16587470667257898,WatchTV	
0.16604740536245102,0.16686211260925438,0.16439578797331938,0.16725581736085646,0.16959522910413588,0.16584364758998305,WatchTV	
0.16604827050875035,0.16685500512602924,0.16438430761911266,0.16725414956952886,0.16961319570666794,0.16584507146991104,WatchTV	
0.1660544992743371,0.1668626194798168,0.16438835694199735,0.1672561653588177,0.1696143126965639,0.16582404624846722,WatchTV	
0.16604696872161176,0.16686150587727108,0.16437323178760094,0.16725441377180839,0.1696169208103101,0.16584695903139765,WatchTV	
0.16605521527283043,0.166864072396518,0.16439073056632225,0.1672564315393678,0.1696116141310466,0.16582193609391488,WatchTV	
0.1660458161095351,0.16685579424105335,0.16438529796158308,0.16725414962937846,0.169609136956918,0.16584980510153197,WatchTV	
0.1660450407329765,0.16685735659465878,0.16437209050742788,0.16725427395533965,0.16962295394871602,0.16584828426088127,WatchTV	
0.16604739388015854,0.16684706300679203,0.16437124836563466,0.16725132231316592,0.16962714821401034,0.16585582422023848,WatchTV	
0.16605127597293556,0.1668567457135716,0.16438485469917455,0.1672546585860595,0.1696169286821895,0.16583553634606935,WatchTV	
0.16604379053064006,0.16685230068410678,0.16437238239009033,0.1672528398450836,0.16962169561534893,0.16585699093473033,WatchTV	
0.16605095424341026,0.16686237866191836,0.16438148922634466,0.16725659088375627,0.16962150203559462,0.16582708494897577,WatchTV	
0.16605289946910337,0.1668618725212972,0.16439501363925765,0.16725612899796494,0.16960473309642557,0.16582935227595116,WatchTV	
0.1660466239829318,0.16686330386544157,0.16438898609234043,0.16725637459874837,0.16960358618770083,0.16584112527283706,WatchTV	
0.16605242819862792,0.1668539877990294,0.16437581937310286,0.16725362274511477,0.16962770077584505,0.16583644110828008,WatchTV	
0.16605087605502233,0.16685995747984544,0.16438480383451215,0.16725496387106387,0.1696111717130659,0.1658382270464903,WatchTV	
0.1660579392166841,0.1668285706786142,0.16436707863451952,0.16724137732918995,0.16961843243544827,0.165886601705544,WatchTV	
0.16604396927795653,0.1668450386848384,0.16436758362314552,0.16724663795211528,0.16960480034249398,0.16589197011945028,WatchTV	
0.1660542176185342,0.16685648491227545,0.16437904817308907,0.1672531329541853,0.16961945311971083,0.16583766322220533,WatchTV	
0.1660541967882755,0.16686218204285122,0.16437457731465854,0.16725422467372292,0.1696236641471195,0.16583115503337237,WatchTV	
0.16607118530511208,0.1668680498765077,0.16439512797747416,0.16725510591917878,0.16961087117443024,0.16579965974729688,WatchTV	
0.16604759853171108,0.16685912147393384,0.16436788776032482,0.16725219810742933,0.16961777881975815,0.1658554153068426,WatchTV	
0.16605791835863,0.1668648027701254,0.16437324112066187,0.1672556413900287,0.16963376416099954,0.16581463219955458,WatchTV	
0.16605467583843592,0.16687224325258548,0.16438429571462776,0.16725836236473282,0.1696179687819691,0.16581245404764888,WatchTV	
0.16604629403475632,0.16685115510760623,0.16436774787422195,0.16725155942022357,0.16962706435411404,0.16585617920907794,WatchTV	
0.16605073008133792,0.1668697348596295,0.1643770848038983,0.1672568363857622,0.16961820881403963,0.16582740505533247,WatchTV	
0.1660611638382282,0.16688255717472072,0.1643924410161591,0.16726128613876978,0.16961472772251593,0.16578782410960619,WatchTV	
0.16605751253401502,0.16687591622747724,0.16438584169765735,0.1672581903595242,0.16961348948161104,0.1658090496997153,WatchTV	
0.16605558054767672,0.16685371415382078,0.16437154170067364,0.16725212766757563,0.16963139110198097,0.16583564482827237,WatchTV	
0.16604909637501122,0.16686700226081203,0.16436859236675386,0.1672558637886195,0.169627796196946,0.1658316490118574,WatchTV	
0.16605459769011002,0.1668553432449797,0.16436403892314105,0.1672522512282458,0.16963909599299254,0.16583467292053097,WatchTV	
0.16605100765435835,0.16686245660097676,0.16438036769938164,0.16725539026696634,0.16961924182572813,0.16583153595258873,WatchTV	
0.16605008802592394,0.16686672051697096,0.16438454008551848,0.16725640375022888,0.1696101445673588,0.1658321030539989,WatchTV	
0.16605382758917803,0.16686298664967839,0.16438635133402577,0.16725652301618443,0.1696179034690846,0.1658224079418488,WatchTV	
0.16604811510116196,0.16686236935526808,0.1643687443736313,0.16725553885322833,0.16962947220144098,0.16583576011526924,WatchTV	
0.1660511233591607,0.16688072228238024,0.16438460213058945,0.16726138801414395,0.16961469225536505,0.16580747195836068,WatchTV	
0.16605607113805848,0.16685587541521568,0.16437525772824366,0.16725369486970693,0.16963072265845072,0.16582837819032453,WatchTV	
0.1660575421659676,0.1668696645723809,0.16438616672753326,0.167258282484545,0.16962162494113342,0.16580671910844,WatchTV	
0.16604767785675426,0.16685897870150176,0.16437154083452007,0.16725350020649174,0.16961915804078073,0.16584914435995146,WatchTV	
0.1660547509642042,0.16686428041322363,0.16437429129474643,0.16725545461060912,0.16962674950237064,0.16582447321484606,WatchTV	
0.16605731796422826,0.16686820382977724,0.16438496418501147,0.16725722842971266,0.1696193480924203,0.1658129374988502,WatchTV	
0.16604926394791136,0.16686115634040344,0.16437501355584858,0.167254627185717,0.1696187251589467,0.165841213811173,WatchTV	
0.16605055983897918,0.16686076315198756,0.1643737707127481,0.16725543002523424,0.16962704836599504,0.16583242790505578,WatchTV	
0.16605449165737823,0.16686445171291264,0.16438083457622393,0.16725411078354016,0.16960840825274462,0.1658377030172004,WatchTV	
0.16605452017584563,0.16684535066425912,0.16437855880030217,0.16724952460639383,0.16961786880384905,0.16585417694935017,WatchTV	
0.16605513354500695,0.16686196427916253,0.16437460532742684,0.1672559000803288,0.1696323050779247,0.16582009169015036,WatchTV	
0.16605079763077854,0.16687197654314445,0.16438236599693934,0.16725901012033537,0.16961819807564146,0.16581765163316076,WatchTV	
0.16605202771625585,0.16686803025458308,0.16438701769951672,0.16725790123622947,0.1696143330154116,0.1658206900780032,WatchTV	
0.16605514896357992,0.1668681630965283,0.16437839708842583,0.16725716038153962,0.16962399170232448,0.16581713876760187,WatchTV	
0.16605832769731377,0.1668761708615472,0.16438208610861488,0.16725976736014822,0.16962452816842766,0.16579911980394815,WatchTV	
0.16605985491311645,0.1668794628028196,0.16440029280837223,0.16726110794568902,0.16960529001743502,0.16579399151256766,WatchTV	
0.16605179419926555,0.16685448761027713,0.16437857765551436,0.16725241720448292,0.16961691047382083,0.16584581285663896,WatchTV	
0.1660526462510037,0.16687547638711955,0.16438169924564847,0.1672598776748673,0.16962119032793146,0.1658091101134296,WatchTV	
0.16604479620123475,0.16685981306660985,0.16437478512161668,0.16725433148237828,0.16961637350497588,0.1658499006231846,WatchTV	
0.16605683378847386,0.16686111709159424,0.1643881440923053,0.1672555329771151,0.16961670838869652,0.1658216636618149,WatchTV	
0.16605841191568874,0.16686355767453034,0.16438030833799847,0.1672562671847917,0.16962907482138706,0.16581238006560373,WatchTV	
0.1660478344024757,0.166865312579045,0.16437832164237198,0.16725612842068083,0.16961625388498353,0.16583614907044317,WatchTV	
0.1660551558960502,0.16686373212687566,0.16437527979080946,0.16725543443831112,0.16962918472844035,0.16582121301951308,WatchTV	
0.1660529754913762,0.16685275074879508,0.1643651803195622,0.16725125553328615,0.16963424716811357,0.16584359073886684,WatchTV	
0.1660514723643472,0.16686166351430287,0.16437315431844424,0.16725367650486545,0.16962273481185688,0.16583729848618334,WatchTV	
0.16604791966146168,0.16686290512465912,0.16437862676641138,0.1672548646142491,0.16961518288682353,0.1658405009463953,WatchTV	
0.16604647978863557,0.16684696830465742,0.1643603207385055,0.1672499768298753,0.16963389028484405,0.16586236405348231,WatchTV	
0.16605034768556828,0.1668612642971274,0.1643696752641953,0.16725418427923824,0.1696262794949148,0.165838248978956,WatchTV	
0.16604859881185136,0.16686193090341533,0.16437500450484763,0.16725557020508755,0.16962407060444262,0.16583482497035554,WatchTV	
0.1660509511307624,0.16686419324916918,0.1643871992659903,0.16725577384495782,0.16960727230709205,0.16583461020202805,WatchTV	
0.16604719136616716,0.16685923180048343,0.16437456915394721,0.1672542042159119,0.16961871056514974,0.1658460928983404,WatchTV	
0.1660528073678762,0.166869150276977,0.16438713726272047,0.1672585525681368,0.16961630006158288,0.16581605246270661,WatchTV	
0.16605049041364514,0.16685630694005413,0.16438245141766739,0.16725442386480718,0.1696181062438898,0.16583822111993637,WatchTV	
0.1660516037060188,0.16685902291544905,0.16438518000472732,0.1672555935325693,0.16961612954619665,0.16583247029503886,WatchTV	
0.1660546719638198,0.16686356616401057,0.16439488380757208,0.1672566495733711,0.16960564363319175,0.16582458485803464,WatchTV	
0.1660502941437537,0.16686700748145813,0.16439230568101357,0.16725794888922266,0.16960705719212255,0.1658253866124294,WatchTV	
0.16605376724667553,0.1668530621729018,0.164387736618199,0.1672532595452778,0.1696142522619234,0.1658379221550224,WatchTV	
0.166049929832727,0.16685192981972485,0.16437545666012834,0.16725264932516998,0.1696238813194135,0.16584615304283618,WatchTV	
0.16605577977000258,0.1668657923020899,0.16439029074383374,0.16725733734158965,0.16961433438239523,0.16581646546008894,WatchTV	
0.16605190638034176,0.16686073185042674,0.1643859989593777,0.16725503943227565,0.1696112709502581,0.1658350524273201,WatchTV	
0.16604258381789685,0.16685485473515746,0.16437451775178336,0.16725377971740277,0.16961830506761674,0.16585595891014301,WatchTV	
0.16605189879749346,0.16686181838465522,0.16438295260252456,0.16725558237959526,0.16961655115105456,0.16583119668467686,WatchTV	
0.16604366806107446,0.16685579190893246,0.16437280448198208,0.16725375519766,0.16961979644070926,0.16585418390964166,WatchTV	
0.16605085792806196,0.16686046281519254,0.1643895152664066,0.1672554397130434,0.1696085146896203,0.16583520958767511,WatchTV	
0.16605102671956554,0.16684968605778003,0.16437605481876177,0.167250931692408,0.1696180263794997,0.16585427433198502,WatchTV	
0.16605220657477862,0.16686270646896334,0.1643868997533159,0.16725571496385486,0.16961118993737614,0.165831282301711,WatchTV	
0.16604823790536646,0.1668501776587743,0.16438004328904815,0.16725148700966253,0.16961219589076368,0.16585785824638477,WatchTV	
0.16605165342313313,0.16686903926516294,0.16438416327903274,0.1672575300240941,0.16961437806563695,0.16582323594294016,WatchTV	
0.1660521987783543,0.166837094708428,0.16436325441036986,0.1672471516039136,0.16963607412800713,0.1658642263709272,WatchTV	
0.16605422771841408,0.16686497884832754,0.16439066335480954,0.16725648145050231,0.16960974840384355,0.16582390022410295,WatchTV	
0.1660496403841954,0.16684927951102,0.16437395596085802,0.16725149528840547,0.16962540859730596,0.1658502202582153,WatchTV	
0.16604853666379374,0.1668564066058195,0.1643715764553637,0.16725359055536654,0.16962776469654672,0.16584212502310983,WatchTV	
0.16605341000507762,0.16685122059256294,0.16437636228139624,0.1672517681952585,0.16962458846204162,0.16584265046366314,WatchTV	
0.16605110350624658,0.1668608797397426,0.16438668090639294,0.16725556630615984,0.16961373301328325,0.1658320365281749,WatchTV	
0.16604446584795837,0.16685359104448447,0.16436625719348275,0.16725231661666842,0.16962540191915038,0.1658579673782556,WatchTV	
0.16605614164755716,0.16685619335058371,0.16438434744758892,0.16725375148702354,0.16961924167112805,0.16583032439611864,WatchTV	
0.16604491282103873,0.16685420310219215,0.1643806938185141,0.16725366809744557,0.1696136630093764,0.16585285915143302,WatchTV	
0.16604855703220853,0.16685960550213605,0.16438234913867167,0.1672554279627218,0.16961580140018545,0.16583825896407656,WatchTV	
0.1660544122193256,0.16686829329556346,0.16438621834650186,0.16725801092682352,0.16961871838946624,0.16581434682231935,WatchTV	
0.1660527538065728,0.16686148879180127,0.1643872038134102,0.16725550293957317,0.16961196598540548,0.165831084663237,WatchTV	
0.166051796533746,0.16686219596662247,0.16438764582607165,0.16725565923460614,0.1696106052453549,0.16583209719359887,WatchTV	
0.16605494796761183,0.16687202229353715,0.16438933626921906,0.16725835712456724,0.16961045299838676,0.16581488334667793,WatchTV	
0.16605006126980873,0.16686501439762844,0.1643859068969097,0.16725699926496893,0.1696137618340671,0.16582825633661707,WatchTV	
0.16604881222205584,0.1668623488453328,0.16438556996066922,0.16725546903672897,0.16960806317868038,0.16583973675653263,WatchTV	
0.16604805042091203,0.16686508956334267,0.1643838372094873,0.1672561054068674,0.16960868552578198,0.16583823187360866,WatchTV	
0.1659837155391303,0.1670210637607594,0.1643570643788025,0.16727229553420025,0.16942234702708525,0.16594351376002242,WatchTV	
0.16674243295498375,0.16584654688834316,0.16928772089633132,0.16684579145466277,0.16456916202295968,0.16670834578271934,WatchTV	
0.166432462923978,0.16647058587035168,0.16912678553124644,0.16711937853121883,0.164728645533743,0.16612214160946195,WatchTV	
0.16642094887139247,0.16644396773842807,0.1691182280319018,0.16711112182450716,0.16473186664371883,0.16617386689005162,WatchTV	
0.16641687619057238,0.16646426163578018,0.1691072054205037,0.16711864575324856,0.16474172752782515,0.16615128347206998,WatchTV	
0.16607635845089028,0.16704389897384608,0.16419627000230272,0.1672774159627188,0.1697145991274987,0.16569145748274333,WatchTV	
0.16615024882546978,0.16714721374875394,0.1643938277847755,0.16731595187996035,0.16961141041786523,0.16538134734317522,WatchTV	
0.1661146241995288,0.16704736026995756,0.164304194171803,0.16730288367907528,0.16975637252433734,0.1654745651552981,WatchTV	
0.16611486905477243,0.16704415523778043,0.16428619980561276,0.16729926511783533,0.16976807635142496,0.16548743443257405,WatchTV	
0.16611285035695786,0.1670574808883861,0.16430286714159983,0.16730554594155098,0.1697559312229542,0.16546532444855103,WatchTV	
0.1661107640604923,0.1670597733536082,0.16431016759694358,0.16730679290506034,0.16974602140894915,0.16546648067494646,WatchTV	
0.16610637618780658,0.1670635738789593,0.16430969308966603,0.16730797937881237,0.1697417420423497,0.16547063542240611,WatchTV	
0.16610958763112124,0.16705177950443775,0.1643003802652734,0.1673042365287921,0.16975638173720953,0.16547763433316595,WatchTV	
0.1661019501335551,0.16706512701442677,0.16430550359535062,0.16730855872521594,0.169743058970998,0.16547580156045363,WatchTV	
0.16611065791995355,0.16706165796474146,0.16431064098977488,0.16730726044168007,0.16974496265157585,0.16546482003227428,WatchTV	
0.1661059475029808,0.16705345394501064,0.1643008013908377,0.16730549009644455,0.1697552713720338,0.16547903569269237,WatchTV	
0.16610454729197907,0.16706861726136835,0.16431204652434278,0.16731000290914863,0.16973869068733216,0.16546609532582918,WatchTV	
0.16610845845248765,0.16705515994695655,0.16430132784669874,0.16730489423258324,0.16975106064399115,0.16547909887728252,WatchTV	
0.16611059621163518,0.16704026279062956,0.16429516076874504,0.16730074719689936,0.16976217499812,0.16549105803397085,WatchTV	
0.1661018490616659,0.16704910548203894,0.16429755394331447,0.167303990482329,0.16975107643977583,0.1654964245908759,WatchTV	
0.1661023333791546,0.16706210925165538,0.16430168679113955,0.16730796194863626,0.16974863652865035,0.16547727210076388,WatchTV	
0.16610210699162314,0.167050826374181,0.1642981257342764,0.16730384807985257,0.16974795688241393,0.16549713593765286,WatchTV	
0.1661113731313072,0.16705168240374801,0.1643009383168421,0.1673044498088447,0.16975671077279725,0.16547484556646075,WatchTV	
0.1661054081622118,0.16704699750150348,0.16429101660178813,0.16730288906354257,0.16976285703861135,0.1654908316323428,WatchTV	
0.16610528016404136,0.16706001536416432,0.16429793326097436,0.16730632150765587,0.16975282286713525,0.16547762683602882,WatchTV	
0.16610067555740235,0.1670468626265417,0.16428518280934284,0.16730250462471916,0.16976337398305338,0.16550140039894065,WatchTV	
0.16610494345084056,0.16704321827974783,0.16429034110011947,0.16730108553043993,0.16976011860640608,0.16550029303244623,WatchTV	
0.16610949419937895,0.16705405987870187,0.16429402330878096,0.16730450289073334,0.16976171875700527,0.16547620096539964,WatchTV	
0.16611146138449198,0.16705032230672873,0.16429327104184469,0.16730354566036193,0.16976660770315782,0.16547479190341496,WatchTV	
0.16610532851717585,0.16704466339527677,0.16428876192667904,0.16730161975721852,0.16976235930788186,0.165497267095768,WatchTV	
0.1661110413879163,0.16704536452379426,0.16429371576205942,0.1673025254834005,0.1697653821875098,0.1654819706553197,WatchTV	
0.16610388076356797,0.16705454087843358,0.16429520922225285,0.16730591027200503,0.16975779231184768,0.1654826665518929,WatchTV	
0.16610522074028983,0.16704967630322123,0.1642957670039701,0.1673040334335119,0.16975644552300542,0.16548885699600163,WatchTV	
0.16610349935716198,0.16705153150022048,0.16429079602928315,0.16730483278328684,0.16976260431168183,0.16548673601836564,WatchTV	
0.1661002037571968,0.16704488618273225,0.16428179666588197,0.16730227111114077,0.16976667878205978,0.16550416350098843,WatchTV	
0.1660962051631836,0.16705461455024867,0.16428502856106514,0.16730540214667342,0.16976001422234335,0.16549873535648582,WatchTV	
0.16610051105806978,0.16704862331620127,0.1642892172298306,0.1673033105726565,0.16975792903374534,0.1655004087894964,WatchTV	
0.16610482245906355,0.16705129815968495,0.16428981091359587,0.16730380299640535,0.16976177340729642,0.16548849206395402,WatchTV	
0.16609842538270977,0.1670468938689248,0.16428254362066125,0.16730291805769074,0.1697657501828489,0.16550346888716458,WatchTV	
0.16609893653096555,0.1670535405451788,0.16428267651989242,0.16730391134175054,0.16976210811186057,0.16549882695035212,WatchTV	
0.1661053520133566,0.1670503259657971,0.16428753450416872,0.16730251023609646,0.16976278515178894,0.16549149212879216,WatchTV	
0.16610404976628237,0.16704097310921873,0.16428011065322698,0.16729946961560296,0.169769371557442,0.16550602529822692,WatchTV	
0.16610338239102188,0.16705155298305666,0.16428607068358378,0.16730302750536366,0.16976374165752123,0.16549222477945286,WatchTV	
0.16611164087024102,0.1670448650507483,0.164288054130553,0.16730108655451095,0.1697697062251338,0.1654846471688129,WatchTV	
0.16610505757488456,0.1670380499461097,0.16428122716995397,0.1672974667930938,0.16976133584767006,0.16551686266828786,WatchTV	
0.1661223281030262,0.16702541845802027,0.16427793209561276,0.16728862361588914,0.1697578083859138,0.1655278893415378,WatchTV	
0.16612127031576376,0.16702840552354495,0.1643021787646904,0.16729065570765064,0.16972884295447674,0.16552864673387352,WatchTV	
0.1661093196634882,0.16704354521078896,0.16427807946005574,0.1673004053799772,0.16977579396631762,0.16549285631937233,WatchTV	
0.16611028905149702,0.16705072315041017,0.1642824433736199,0.16730250266041433,0.16977186832439595,0.16548217343966265,WatchTV	
0.16610706777437842,0.1670551987873449,0.16428777566699593,0.167304788278512,0.1697661121465944,0.16547905734617444,WatchTV	
0.16611234528559438,0.1670632326328504,0.1643006125498911,0.16730803504648137,0.16975985067198213,0.16545592381320062,WatchTV	
0.16610555559058476,0.16706565719517522,0.1642945569036561,0.1673088283166654,0.1697595336942178,0.16546586829970056,WatchTV	
0.16610704746860136,0.16705618168090744,0.16428917205189464,0.1673054733594638,0.16976362678177231,0.16547849865736045,WatchTV	
0.1661100842461076,0.1670471089204476,0.16429774325446506,0.16730341456848688,0.16975790401742472,0.16548374499306817,WatchTV	
0.16610270960185508,0.16706451726920094,0.16429422147545417,0.16730882886889156,0.16975644808920715,0.16547327469539116,WatchTV	
0.16609812697020437,0.16705489714279975,0.16428644641727502,0.16730553619715563,0.16975821942701957,0.16549677384554562,WatchTV	
0.16610103466373047,0.16705040418655845,0.16428920943166792,0.16730427530269684,0.16975767193275712,0.16549740448258923,WatchTV	
0.16610375824126242,0.1670500873925621,0.16428115640325985,0.16730408585698442,0.1697721987952747,0.16548871331065657,WatchTV	
0.16609915684753276,0.16704791664120378,0.164283232244731,0.16730334498147093,0.16976355990821765,0.1655027893768439,WatchTV	
0.166101453183928,0.16704784951944965,0.16428256076340408,0.16730374282609906,0.16976925702267592,0.16549513668444343,WatchTV	
0.16610352443234397,0.16704265007469754,0.1642824581831048,0.1673015224987459,0.16976821405682227,0.1655016307542856,WatchTV	
0.16610110971832678,0.1670496427273401,0.16428039732318564,0.16730225735044862,0.16976157255236196,0.16550502032833694,WatchTV	
0.16610454244844738,0.16704898911675928,0.16427609845782748,0.1673026081496488,0.16977562048454525,0.16549214134277176,WatchTV	
0.16610331604287876,0.16704082332215547,0.16426637694423632,0.16730040919105435,0.16978813284968058,0.16550094164999463,WatchTV	
0.16610023541272617,0.1670473665091805,0.16428222575040569,0.16730219623690445,0.16976287407681137,0.16550510201397173,WatchTV	
